P=130uW, PolA Resonances Side(1um) and Top Coupled. 
Vpiezo(Time[s]orWavelength[nm]), Optical Power[W],Amplitude, phase, Secondary Power[W]
1.5514143400464E+3	1.0073486800000E-6	0.0000000000000E+0	0.0000000000000E+0	1.8998677880000E-8
1.5514154707502E+3	1.0080535400000E-6	0.0000000000000E+0	0.0000000000000E+0	1.4319640400000E-8
1.5514166014539E+3	1.0054100000000E-6	0.0000000000000E+0	0.0000000000000E+0	1.9073035150000E-8
1.5514177321577E+3	1.0096993000000E-6	0.0000000000000E+0	0.0000000000000E+0	1.6253120910000E-8
1.5514188628614E+3	1.0075038400000E-6	0.0000000000000E+0	0.0000000000000E+0	1.4871994540000E-8
1.5514199935651E+3	1.0109211000000E-6	0.0000000000000E+0	0.0000000000000E+0	2.0605204685000E-8
1.5514211242689E+3	1.0092753500000E-6	0.0000000000000E+0	0.0000000000000E+0	1.5186983890000E-8
1.5514222549726E+3	1.0100129300000E-6	0.0000000000000E+0	0.0000000000000E+0	1.6256015750000E-8
1.5514233856764E+3	1.0119395600000E-6	0.0000000000000E+0	0.0000000000000E+0	1.9620444610000E-8
1.5514245163801E+3	1.0098664600000E-6	0.0000000000000E+0	0.0000000000000E+0	1.4248892320000E-8
1.5514256470838E+3	1.0125789200000E-6	0.0000000000000E+0	0.0000000000000E+0	1.8587023520000E-8
1.5514267777876E+3	1.0100249900000E-6	0.0000000000000E+0	0.0000000000000E+0	1.7124968835000E-8
1.5514279084913E+3	1.0129373600000E-6	0.0000000000000E+0	0.0000000000000E+0	1.3042125655000E-8
1.5514290391951E+3	1.0100370500000E-6	0.0000000000000E+0	0.0000000000000E+0	1.8189399410000E-8
1.5514301698988E+3	1.0109779800000E-6	0.0000000000000E+0	0.0000000000000E+0	1.3746749510000E-8
1.5514313006025E+3	1.0102369600000E-6	0.0000000000000E+0	0.0000000000000E+0	1.8246838090000E-8
1.5514324313063E+3	1.0103593100000E-6	0.0000000000000E+0	0.0000000000000E+0	1.7605303300000E-8
1.5514335620100E+3	1.0101266600000E-6	0.0000000000000E+0	0.0000000000000E+0	1.1827346960000E-8
1.5514346927138E+3	1.0079639300000E-6	0.0000000000000E+0	0.0000000000000E+0	1.9094866895000E-8
1.5514358234175E+3	1.0085671200000E-6	0.0000000000000E+0	0.0000000000000E+0	1.4935043240000E-8
1.5514369541212E+3	1.0045346900000E-6	0.0000000000000E+0	0.0000000000000E+0	1.3369626465000E-8
1.5514380848250E+3	1.0071246500000E-6	0.0000000000000E+0	0.0000000000000E+0	1.8719591410000E-8
1.5514392155287E+3	1.0025096200000E-6	0.0000000000000E+0	0.0000000000000E+0	1.2433042375000E-8
1.5514403462325E+3	1.0033937500000E-6	0.0000000000000E+0	0.0000000000000E+0	1.7176660280000E-8
1.5514414769362E+3	9.9857565000000E-7	0.0000000000000E+0	0.0000000000000E+0	1.6207966580000E-8
1.5514426076399E+3	9.9838745400000E-7	0.0000000000000E+0	0.0000000000000E+0	1.2758928065000E-8
1.5514437383437E+3	9.9310033000000E-7	0.0000000000000E+0	0.0000000000000E+0	1.7743581440000E-8
1.5514448690474E+3	9.9225817400000E-7	0.0000000000000E+0	0.0000000000000E+0	1.5526192370000E-8
1.5514459997512E+3	9.8556108400000E-7	0.0000000000000E+0	0.0000000000000E+0	1.4420161015000E-8
1.5514471304549E+3	9.8197662900000E-7	0.0000000000000E+0	0.0000000000000E+0	1.9757096580000E-8
1.5514482611586E+3	9.7276808900000E-7	0.0000000000000E+0	0.0000000000000E+0	1.5200143530000E-8
1.5514493918624E+3	9.6675432100000E-7	0.0000000000000E+0	0.0000000000000E+0	1.7370158715000E-8
1.5514505225661E+3	9.5546317400000E-7	0.0000000000000E+0	0.0000000000000E+0	2.0002070725000E-8
1.5514516532699E+3	9.4302909500000E-7	0.0000000000000E+0	0.0000000000000E+0	1.6460502565000E-8
1.5514527839736E+3	9.2899380500000E-7	0.0000000000000E+0	0.0000000000000E+0	2.6628786340000E-8
1.5514539146773E+3	9.1149727800000E-7	0.0000000000000E+0	0.0000000000000E+0	1.9694030525000E-8
1.5514550453811E+3	8.9243309300000E-7	0.0000000000000E+0	0.0000000000000E+0	2.5475106215000E-8
1.5514561760848E+3	8.7124042500000E-7	0.0000000000000E+0	0.0000000000000E+0	2.8580218615000E-8
1.5514573067886E+3	8.5023743800000E-7	0.0000000000000E+0	0.0000000000000E+0	2.6889790720000E-8
1.5514584374923E+3	8.2597736500000E-7	0.0000000000000E+0	0.0000000000000E+0	3.2262783020000E-8
1.5514595681960E+3	8.0555659700000E-7	0.0000000000000E+0	0.0000000000000E+0	2.3654976085000E-8
1.5514606988998E+3	7.8551904000000E-7	0.0000000000000E+0	0.0000000000000E+0	2.9571055475000E-8
1.5514618296035E+3	7.7258026900000E-7	0.0000000000000E+0	0.0000000000000E+0	2.3936985215000E-8
1.5514629603073E+3	7.6476824900000E-7	0.0000000000000E+0	0.0000000000000E+0	1.9367331425000E-8
1.5514640910110E+3	7.6476824900000E-7	0.0000000000000E+0	0.0000000000000E+0	1.7398515355000E-8
1.5514652217147E+3	7.6753659500000E-7	0.0000000000000E+0	0.0000000000000E+0	1.5058074915000E-8
1.5514663524185E+3	7.7753799900000E-7	0.0000000000000E+0	0.0000000000000E+0	1.4833546455000E-8
1.5514674831222E+3	7.8681836600000E-7	0.0000000000000E+0	0.0000000000000E+0	1.6114075575000E-8
1.5514686138260E+3	7.9976184300000E-7	0.0000000000000E+0	0.0000000000000E+0	1.0086771110000E-8
1.5514697445297E+3	8.1340752900000E-7	0.0000000000000E+0	0.0000000000000E+0	1.1641746415000E-8
1.5514708752334E+3	8.2491226800000E-7	0.0000000000000E+0	0.0000000000000E+0	1.1234839070000E-8
1.5514720059372E+3	8.4028031300000E-7	0.0000000000000E+0	0.0000000000000E+0	1.2009296390000E-8
1.5514731366409E+3	8.5210877800000E-7	0.0000000000000E+0	0.0000000000000E+0	1.5829521240000E-8
1.5514742673447E+3	8.6268271000000E-7	0.0000000000000E+0	0.0000000000000E+0	1.1695733530000E-8
1.5514753980484E+3	8.7012030500000E-7	0.0000000000000E+0	0.0000000000000E+0	1.3035491170000E-8
1.5514765287521E+3	8.8262084300000E-7	0.0000000000000E+0	0.0000000000000E+0	1.6517990190000E-8
1.5514776594559E+3	8.8882559900000E-7	0.0000000000000E+0	0.0000000000000E+0	1.1923083120000E-8
1.5514787901596E+3	8.9723813700000E-7	0.0000000000000E+0	0.0000000000000E+0	1.5785854500000E-8
1.5514799208634E+3	9.0297320800000E-7	0.0000000000000E+0	0.0000000000000E+0	1.3644865520000E-8
1.5514810515671E+3	9.0924594200000E-7	0.0000000000000E+0	0.0000000000000E+0	1.4250913365000E-8
1.5514821822708E+3	9.1584343000000E-7	0.0000000000000E+0	0.0000000000000E+0	1.5381363790000E-8
1.5514833129746E+3	9.1868870200000E-7	0.0000000000000E+0	0.0000000000000E+0	1.0988603015000E-8
1.5514844436783E+3	9.2641757300000E-7	0.0000000000000E+0	0.0000000000000E+0	1.9095661650000E-8
1.5514855743821E+3	9.2729122300000E-7	0.0000000000000E+0	0.0000000000000E+0	1.3703084980000E-8
1.5514867050858E+3	9.3461701400000E-7	0.0000000000000E+0	0.0000000000000E+0	1.2843071020000E-8
1.5514878357895E+3	9.3474012500000E-7	0.0000000000000E+0	0.0000000000000E+0	1.8926699545000E-8
1.5514889664933E+3	9.4111383900000E-7	0.0000000000000E+0	0.0000000000000E+0	1.2843071020000E-8
1.5514900971970E+3	9.4209956400000E-7	0.0000000000000E+0	0.0000000000000E+0	1.8763259320000E-8
1.5514912279008E+3	9.4638948800000E-7	0.0000000000000E+0	0.0000000000000E+0	1.6908731515000E-8
1.5514923586045E+3	9.4692715100000E-7	0.0000000000000E+0	0.0000000000000E+0	1.3450335925000E-8
1.5514934893082E+3	9.5065745100000E-7	0.0000000000000E+0	0.0000000000000E+0	1.8666293230000E-8
1.5514946200120E+3	9.5174426400000E-7	0.0000000000000E+0	0.0000000000000E+0	1.1973399620000E-8
1.5514957507157E+3	9.5389495900000E-7	0.0000000000000E+0	0.0000000000000E+0	1.8522305490000E-8
1.5514968814195E+3	9.5573201100000E-7	0.0000000000000E+0	0.0000000000000E+0	1.3660079290000E-8
1.5514980121232E+3	9.5792751100000E-7	0.0000000000000E+0	0.0000000000000E+0	1.3220830610000E-8
1.5514991428269E+3	9.6082834300000E-7	0.0000000000000E+0	0.0000000000000E+0	1.9690791640000E-8
1.5515002735307E+3	9.6044677100000E-7	0.0000000000000E+0	0.0000000000000E+0	1.3574771080000E-8
1.5515014042344E+3	9.6443439700000E-7	0.0000000000000E+0	0.0000000000000E+0	1.9055305555000E-8
1.5515025349382E+3	9.6288940500000E-7	0.0000000000000E+0	0.0000000000000E+0	1.7641692250000E-8
1.5515036656419E+3	9.6695509400000E-7	0.0000000000000E+0	0.0000000000000E+0	1.3547634425000E-8
1.5515047963456E+3	9.6496207500000E-7	0.0000000000000E+0	0.0000000000000E+0	1.8453690190000E-8
1.5515059270494E+3	9.6791928000000E-7	0.0000000000000E+0	0.0000000000000E+0	1.4618675565000E-8
1.5515070577531E+3	9.6623821000000E-7	0.0000000000000E+0	0.0000000000000E+0	1.3101175945000E-8
1.5515081884569E+3	9.6901613500000E-7	0.0000000000000E+0	0.0000000000000E+0	1.3897581035000E-8
1.5515093191606E+3	9.6715757600000E-7	0.0000000000000E+0	0.0000000000000E+0	1.1334315005000E-8
1.5515104498643E+3	9.7006997500000E-7	0.0000000000000E+0	0.0000000000000E+0	1.8467465250000E-8
1.5515115805681E+3	9.6803042000000E-7	0.0000000000000E+0	0.0000000000000E+0	1.4885169000000E-8
1.5515127112718E+3	9.6995704500000E-7	0.0000000000000E+0	0.0000000000000E+0	1.2833879240000E-8
1.5515138419756E+3	9.6976616800000E-7	0.0000000000000E+0	0.0000000000000E+0	1.9121589565000E-8
1.5515149726793E+3	9.6954214400000E-7	0.0000000000000E+0	0.0000000000000E+0	1.1779395420000E-8
1.5515161033830E+3	9.7142394500000E-7	0.0000000000000E+0	0.0000000000000E+0	1.4928136470000E-8
1.5515172340868E+3	9.6958694900000E-7	0.0000000000000E+0	0.0000000000000E+0	1.5402491520000E-8
1.5515183647905E+3	9.7179406000000E-7	0.0000000000000E+0	0.0000000000000E+0	1.1976483155000E-8
1.5515194954943E+3	9.6946418800000E-7	0.0000000000000E+0	0.0000000000000E+0	1.5084407845000E-8
1.5515206261980E+3	9.7312652700000E-7	0.0000000000000E+0	0.0000000000000E+0	1.6240014830000E-8
1.5515217569017E+3	9.7080834500000E-7	0.0000000000000E+0	0.0000000000000E+0	1.1237830825000E-8
1.5515228876055E+3	9.7421354300000E-7	0.0000000000000E+0	0.0000000000000E+0	1.7924760750000E-8
1.5515240183092E+3	9.7310510200000E-7	0.0000000000000E+0	0.0000000000000E+0	1.2092913365000E-8
1.5515251490130E+3	9.7480771800000E-7	0.0000000000000E+0	0.0000000000000E+0	1.6804745815000E-8
1.5515262797167E+3	9.7480771800000E-7	0.0000000000000E+0	0.0000000000000E+0	1.5199446210000E-8
